7 11
1 2 6
1 4 4
2 4 1
2 5 3
3 2 3
3 6 5
4 3 5
4 6 1
4 7 4
5 6 2
6 7 5
10 18
1 2 9
1 3 4
2 4 6
2 5 3
3 4 1
3 6 5
4 5 7
4 6 3
5 7 3
6 5 1
6 7 5
7 4 4
7 8 2
7 9 7
8 5 5
8 10 8
9 6 3
9 10 5
20 39
1 2 5
1 11 9
1 8 7
1 9 9
2 3 6
3 6 9
4 3 6
4 5 5
6 5 8
5 13 7
6 7 9
7 14 10
8 18 8
9 16 6
9 17 5
9 10 8
10 3 5
10 18 6
11 4 4
11 17 7
11 12 5
12 4 5
12 19 10
12 5 6
12 13 4
13 6 8
13 7 7
13 20 10
14 20 7
15 8 5
15 9 4
16 15 3
17 16 4
17 10 6
18 11 9
18 12 5
18 19 8
19 14 8
19 20 7
10 15
1 2 1
1 3 1
1 4 1
1 5 1
2 6 1
2 8 1
3 6 1
3 9 1
4 7 1
4 8 1
5 8 1
6 10 1
7 10 1
8 10 1
9 10 1
2 1
1 2 10
3 1
1 3 5
3 2
1 2 5
2 3 3
20 37
1 2 2
1 14 3
1 3 7
1 4 5
4 10 8
2 13 2
14 13 5
13 5 3
14 19 3
14 3 7
10 3 3
3 8 8
5 19 5
13 6 4
6 19 4
19 8 3
19 7 2
10 15 1
8 15 6
8 7 7
7 6 8
6 12 7
7 12 5
17 7 3
15 17 2
15 9 4
15 16 6
9 16 7
17 9 2
17 11 4
12 11 8
12 18 2
11 18 2
9 18 3
16 20 7
18 20 8
12 20 9
20 50
1 2 6
1 3 8
1 4 8
1 5 4
1 6 9
1 7 6
2 7 4
2 8 3
2 9 7
3 8 3
3 9 6
3 10 2
4 9 8
4 10 6
4 11 3
5 10 5
5 11 7
5 12 2
7 18 4
7 13 6
7 14 7
8 13 9
8 14 2
9 13 6
9 14 9
9 15 5
10 14 2
10 15 9
10 16 2
11 15 6
11 16 3
11 17 8
12 16 7
12 17 6
12 19 5
13 18 4
13 19 3
14 18 2
14 19 5
15 18 8
15 19 3
16 18 5
16 19 6
17 18 8
17 19 3
18 20 5
19 20 7
10 20 4
8 20 8
11 20 3
4 6
1 2 2
1 4 3
1 3 1
3 2 2
2 4 4
3 4 2
