F
1 1 3
2 2 4
1 2 2
2 1 1
M
2 2 7
1 3 9
3 1 8
1 2 5
2 3 2
3 2 3
2 1 6
1 1 1
3 3 4
D
1 1 100
2 2 99
3 3 98
4 4 97
1 2 96
2 1 95
3 4 94
4 3 93
1 3 92
2 4 91
3 1 90
4 2 89
1 4 88
2 3 87
3 2 86
4 1 85
F
1 1 2
2 1 4
2 2 3
1 2 5
M
1 1 100
2 2 99
1 3 98
3 2 97
1 2 96
2 3 95
3 1 94
3 3 93
2 1 92
M
1 1 100
2 2 99
1 2 98
3 2 97
1 3 96
2 1 95
2 3 94
3 1 93
3 3 92
D
1 1 100
4 4 99
2 2 98
2 3 97
3 3 96
3 2 95
3 4 94
4 3 93
3 1 92
1 3 91
2 4 90
4 2 89
2 1 87
1 2 86
4 1 85
1 4 84
M
1 2 1
2 2 2
3 3 3
1 1 4
2 1 5
3 2 6
1 3 7
2 3 8
3 1 9
F
1 1 100
1 2 98
2 2 99
2 1 97
D
1 3 1
2 2 2
3 1 3
4 4 4
4 2 5
3 3 6
2 4 7
1 1 8
4 1 9
3 4 10
2 3 11
1 2 12
1 4 13
2 1 14
3 2 15
4 3 16