12 17
1 2 327.50 89.95
2 3 327.50 17.40
3 4 327.50 300.43
5 6 327.50 18.55
6 7 327.50 304.82
7 8 327.50 406.18
9 10 327.50 340.23
10 11 327.50 19.33
11 12 327.50 200.33
1 5 250.40 300.27
2 6 250.40 302.80
3 7 250.40 139.88
4 8 250.40 1.34
5 9 250.40 183.33
6 10 250.40 5.38
7 11 250.40 158.83
8 12 250.40 233.00
3 3
1 2 3 0
2 3 2 0
3 1 2 0
100 180
1 2 197.19 391.55
1 11 399.22 455.82
2 3 98.78 167.61
2 12 384.11 138.89
3 4 276.98 238.70
3 13 314.44 182.39
4 5 256.70 476.11
4 14 458.10 317.86
5 6 358.65 70.80
5 15 303.48 8.15
6 7 121.44 68.62
6 16 402.09 78.34
7 8 200.47 64.90
7 17 54.40 499.46
8 9 109.13 256.47
8 18 419.56 306.32
9 10 148.02 318.78
9 19 262.14 246.79
10 20 486.39 146.26
11 12 385.68 263.37
11 21 384.96 200.11
12 13 445.76 141.66
12 22 176.23 403.86
13 14 459.51 34.88
13 23 474.66 263.00
14 15 43.03 96.11
14 24 331.61 445.12
15 16 174.45 32.09
15 25 10.01 228.85
16 17 31.55 119.14
16 26 485.32 451.10
17 18 425.46 133.33
17 27 269.88 187.60
18 19 380.12 256.27
18 28 333.86 265.80
19 20 19.64 218.82
19 29 465.92 465.40
20 30 360.48 142.15
21 22 369.27 319.99
21 31 177.02 343.93
22 23 82.99 220.05
22 32 440.04 414.60
23 24 165.17 114.48
23 33 446.69 175.18
24 25 343.33 478.23
24 34 294.32 328.65
25 26 429.34 219.78
25 35 461.98 199.22
26 27 407.38 342.11
26 36 455.49 241.25
27 28 107.91 475.13
27 37 460.06 73.83
28 29 440.53 320.54
28 38 215.98 309.80
29 30 140.53 393.00
29 39 153.73 223.52
30 40 113.05 93.77
31 32 138.12 278.22
31 41 208.25 84.80
32 33 453.40 51.59
32 42 63.04 247.72
33 34 380.24 492.38
33 43 467.50 342.22
34 35 191.59 374.89
34 44 184.33 147.08
35 36 116.13 292.24
35 45 122.21 76.19
36 37 366.07 62.74
36 46 396.74 82.05
37 38 372.54 37.26
37 47 475.05 26.26
38 39 260.78 88.11
38 48 120.03 398.90
39 40 366.33 328.28
39 49 483.70 319.73
40 50 379.87 46.74
41 42 67.45 260.11
41 51 39.12 34.95
42 43 102.33 230.71
42 52 409.84 286.66
43 44 377.79 25.97
43 53 78.90 500.00
44 45 102.16 444.98
44 54 62.73 498.90
45 46 27.03 435.27
45 55 36.16 2.08
46 47 461.53 296.95
46 56 90.19 81.57
47 48 195.85 456.51
47 57 409.85 179.55
48 49 276.24 289.71
48 58 226.29 343.69
49 50 49.82 265.40
49 59 378.65 152.15
50 60 496.11 288.49
51 52 438.81 373.90
51 61 314.45 17.71
52 53 373.90 416.62
52 62 462.69 436.64
53 54 415.52 489.72
53 63 371.91 451.68
54 55 491.80 333.44
54 64 248.63 81.98
55 56 415.01 444.47
55 65 38.50 324.85
56 57 124.02 314.74
56 66 114.57 350.31
57 58 158.43 164.39
57 67 115.71 37.08
58 59 316.54 111.83
58 68 325.57 255.34
59 60 485.73 140.02
59 69 273.05 359.63
60 70 56.64 235.74
61 62 296.27 472.16
61 71 225.46 168.18
62 63 423.84 217.26
62 72 1.62 172.47
63 64 299.24 416.62
63 73 116.95 337.74
64 65 241.48 240.97
64 74 152.48 356.04
65 66 91.28 310.91
65 75 20.43 206.99
66 67 347.99 336.97
66 76 318.82 173.56
67 68 92.31 304.55
67 77 313.58 365.36
68 69 164.19 370.22
68 78 101.11 460.46
69 70 342.38 326.57
69 79 128.63 266.22
70 80 43.82 130.25
71 72 438.69 343.06
71 81 46.87 55.64
72 73 180.80 288.35
72 82 296.61 333.28
73 74 144.39 387.88
73 83 144.19 164.82
74 75 94.88 492.18
74 84 1.79 413.70
75 76 165.74 94.10
75 85 218.25 479.32
76 77 459.47 382.44
76 86 349.54 60.57
77 78 342.89 191.92
77 87 387.14 471.53
78 79 458.14 430.96
78 88 101.77 396.83
79 80 274.02 148.64
79 89 452.47 454.82
80 90 436.99 249.07
81 82 288.10 81.38
81 91 136.96 432.29
82 83 246.20 231.83
82 92 424.47 247.99
83 84 145.53 90.21
83 93 342.09 363.78
84 85 69.53 301.55
84 94 246.21 419.07
85 86 362.13 89.10
85 95 110.98 249.26
86 87 60.63 69.12
86 96 180.22 162.40
87 88 465.95 454.24
87 97 311.05 418.41
88 89 409.06 248.04
88 98 167.49 197.16
89 90 329.42 304.44
89 99 129.45 75.61
90 100 36.27 53.92
91 92 323.60 181.80
92 93 144.13 165.69
93 94 45.57 213.66
94 95 467.25 291.79
95 96 132.73 329.37
96 97 380.89 243.71
97 98 78.64 441.52
98 99 312.83 258.86
99 100 103.92 278.78
21 44
1 2 213.10 414.97
1 8 197.19 122.16
1 9 163.01 364.68
2 3 319.33 492.42
2 9 169.12 448.78
2 10 68.04 205.39
3 4 2.70 391.64
3 10 387.19 146.84
3 11 57.33 432.77
4 5 360.50 24.58
4 11 224.55 493.23
4 12 353.95 105.44
5 6 236.95 432.59
5 12 46.96 49.78
5 13 191.45 150.88
6 7 328.56 404.55
6 13 65.85 25.75
6 14 26.71 228.86
7 14 390.43 346.04
8 9 221.28 59.56
8 15 294.82 289.32
8 16 264.95 297.52
9 10 180.96 152.14
9 16 444.36 238.29
9 17 84.91 304.86
10 11 262.87 309.46
10 17 298.10 116.83
10 18 414.90 35.05
11 12 49.42 461.86
11 18 84.82 240.87
11 19 112.75 413.38
12 13 145.41 178.60
12 19 439.14 172.13
12 20 407.45 329.57
13 14 18.16 128.73
13 20 389.13 312.98
13 21 418.05 154.08
14 21 110.50 99.01
15 16 306.22 54.87
16 17 337.30 391.13
17 18 359.73 100.18
18 19 200.59 157.83
19 20 217.00 115.50
20 21 192.87 266.42
18 27
1 2 77.36 277.70
1 4 7.29 190.11
2 3 191.08 152.70
2 5 368.70 130.22
3 6 324.83 276.16
4 5 459.80 342.99
4 7 404.89 348.92
5 6 155.98 322.94
5 8 3.00 266.48
6 9 421.95 309.22
7 8 321.35 259.26
7 10 200.35 181.08
8 9 359.43 400.95
8 11 338.91 76.44
9 12 16.45 31.78
10 11 342.86 93.81
10 13 309.48 350.15
11 12 283.92 0.56
11 14 2.85 152.62
12 15 130.79 327.68
13 14 428.78 90.58
13 16 170.68 333.67
14 15 439.50 326.65
14 17 156.61 442.51
15 18 93.13 78.57
16 17 251.73 414.48
17 18 337.83 452.09
24 45
1 2 95.56 197.26
1 13 353.03 434.46
1 14 273.70 369.48
2 3 466.24 116.56
2 14 463.29 275.72
2 15 466.71 247.20
3 4 276.28 469.56
3 15 399.82 407.07
3 16 297.25 328.60
4 5 497.65 467.93
4 16 162.27 437.15
4 17 294.58 318.89
5 6 379.66 387.71
5 17 397.46 131.39
5 18 302.19 235.28
6 7 83.48 397.75
6 18 432.54 436.51
6 19 332.21 206.24
7 8 305.99 298.45
7 19 322.80 269.28
7 20 74.17 289.51
8 9 16.48 350.46
8 20 259.08 416.30
8 21 257.52 56.32
9 10 244.91 255.17
9 21 24.25 407.18
9 22 192.33 318.83
10 11 226.06 71.99
10 22 206.54 123.52
10 23 203.38 8.73
11 12 358.80 286.86
11 23 406.47 291.34
11 24 223.37 238.68
12 24 497.58 29.36
13 14 37.13 320.38
14 15 298.64 111.30
15 16 109.89 315.12
16 17 461.76 368.97
17 18 231.43 219.28
18 19 425.29 476.33
19 20 474.46 449.54
20 21 383.51 166.78
21 22 268.37 109.57
22 23 238.78 474.91
23 24 233.08 442.16
88 157
1 2 483.64 91.88
1 12 229.02 390.11
2 3 383.22 452.39
2 13 128.79 380.81
3 4 481.75 165.92
3 14 201.19 280.39
4 5 277.22 311.08
4 15 95.51 238.98
5 6 180.05 326.94
5 16 458.26 105.35
6 7 303.27 432.72
6 17 54.89 186.78
7 8 99.50 323.26
7 18 296.35 338.28
8 9 298.17 29.43
8 19 280.44 281.81
9 10 121.31 9.46
9 20 171.92 4.54
10 11 461.85 300.71
10 21 385.34 443.60
11 22 466.64 86.53
12 13 223.99 243.86
12 23 397.62 319.50
13 14 482.84 77.67
13 24 146.44 441.10
14 15 183.01 449.72
14 25 373.82 237.90
15 16 136.49 473.32
15 26 61.16 432.84
16 17 311.60 359.33
16 27 462.27 92.03
17 18 141.14 83.58
17 28 101.49 313.06
18 19 88.12 63.33
18 29 113.78 473.46
19 20 6.93 80.41
19 30 59.99 230.92
20 21 324.27 457.61
20 31 50.43 307.11
21 22 35.28 196.87
21 32 248.22 218.29
22 33 146.59 122.03
23 24 456.20 283.08
23 34 95.35 17.36
24 25 215.92 406.95
24 35 376.69 178.19
25 26 498.98 17.83
25 36 261.77 100.47
26 27 330.90 349.89
26 37 163.81 444.67
27 28 323.36 170.74
27 38 25.08 383.35
28 29 401.67 349.36
28 39 340.96 452.09
29 30 156.47 376.24
29 40 148.97 404.69
30 31 94.53 295.56
30 41 26.72 50.73
31 32 78.64 122.07
31 42 68.09 294.56
32 33 29.03 444.78
32 43 472.75 28.01
33 44 462.61 234.53
34 35 128.48 293.51
34 45 84.42 292.29
35 36 238.18 407.77
35 46 463.03 263.26
36 37 291.13 364.70
36 47 112.62 132.09
37 38 316.79 269.09
37 48 8.33 465.76
38 39 173.77 102.86
38 49 261.31 200.49
39 40 153.58 339.95
39 50 322.57 221.67
40 41 134.51 351.59
40 51 166.45 107.26
41 42 379.60 129.06
41 52 341.79 8.09
42 43 422.56 426.21
42 53 300.38 160.74
43 44 333.98 263.42
43 54 424.00 125.11
44 55 128.11 36.62
45 46 257.19 444.91
45 56 305.71 265.52
46 47 410.67 479.48
46 57 368.37 171.98
47 48 179.97 21.96
47 58 11.93 2.54
48 49 243.63 146.44
48 59 354.13 410.07
49 50 253.70 233.74
49 60 39.13 95.49
50 51 241.82 461.69
50 61 21.70 42.21
51 52 122.43 355.68
51 62 305.62 46.43
52 53 480.78 433.73
52 63 83.05 237.97
53 54 378.64 388.75
53 64 3.49 289.31
54 55 368.23 371.86
54 65 461.29 48.20
55 66 393.82 473.22
56 57 50.74 137.45
56 67 119.66 404.87
57 58 47.52 373.37
57 68 138.61 86.65
58 59 468.86 380.43
58 69 48.34 490.55
59 60 422.64 170.77
59 70 346.23 228.26
60 61 217.20 327.01
60 71 161.99 300.25
61 62 64.99 40.63
61 72 189.00 68.48
62 63 329.94 57.23
62 73 440.34 291.22
63 64 105.43 334.16
63 74 264.44 156.17
64 65 471.61 384.10
64 75 61.04 19.13
65 66 257.47 199.65
65 76 105.78 226.32
66 77 80.08 154.12
67 68 216.88 2.72
67 78 324.89 63.11
68 69 230.97 42.09
68 79 390.13 392.97
69 70 342.34 455.11
69 80 433.60 31.34
70 71 23.59 263.54
70 81 88.57 463.93
71 72 54.76 194.00
71 82 298.10 319.20
72 73 350.17 269.71
72 83 203.31 411.21
73 74 288.84 460.78
73 84 110.86 394.62
74 75 187.10 190.94
74 85 48.75 403.98
75 76 193.66 373.64
75 86 467.09 424.64
76 77 415.73 357.22
76 87 317.60 258.07
77 88 312.33 251.20
78 79 289.41 335.92
79 80 14.74 377.97
80 81 299.85 69.50
81 82 71.97 97.95
82 83 388.71 422.14
83 84 367.66 92.01
84 85 333.35 156.49
85 86 52.79 444.22
86 87 51.12 239.89
87 88 135.16 99.86
24 53
1 2 143.87 328.82
1 7 473.50 110.96
1 8 253.46 389.23
2 3 468.17 71.06
2 8 147.30 280.50
2 9 322.26 436.71
3 4 116.42 337.00
3 9 314.68 416.28
3 10 406.50 386.65
4 5 14.23 295.20
4 10 308.79 381.88
4 11 387.22 142.14
5 6 38.38 440.00
5 11 86.36 89.49
5 12 179.89 221.52
6 12 189.36 323.76
7 8 50.34 162.86
7 13 434.72 303.80
7 14 52.09 402.89
8 9 374.86 199.39
8 14 183.40 197.12
8 15 136.09 299.82
9 10 34.12 450.77
9 15 216.10 440.62
9 16 337.42 230.33
10 11 235.82 146.22
10 16 112.21 123.04
10 17 288.36 150.58
11 12 63.04 374.72
11 17 240.08 242.93
11 18 96.24 429.43
12 18 66.69 146.59
13 14 92.29 1.41
13 19 450.39 144.38
13 20 404.31 325.25
14 15 343.76 87.71
14 20 22.36 479.86
14 21 387.53 56.48
15 16 430.63 103.63
15 21 497.10 268.06
15 22 333.95 232.92
16 17 414.27 446.16
16 22 355.95 202.63
16 23 96.75 418.99
17 18 77.36 336.82
17 23 161.93 173.60
17 24 266.26 228.62
18 24 320.18 358.55
19 20 230.03 270.57
20 21 2.92 134.34
21 22 95.82 346.69
22 23 222.05 118.18
23 24 326.54 109.58
56 97
1 2 174.66 257.18
1 9 213.21 171.76
2 3 25.23 47.16
2 10 404.68 439.51
3 4 493.32 260.63
3 11 142.14 90.07
4 5 179.62 219.50
4 12 426.89 341.55
5 6 393.09 193.15
5 13 70.17 213.28
6 7 51.70 300.20
6 14 483.85 54.62
7 8 434.54 79.66
7 15 401.30 156.59
8 16 197.84 227.85
9 10 266.17 372.50
9 17 485.02 479.38
10 11 44.26 10.25
10 18 26.54 448.94
11 12 449.76 19.86
11 19 209.57 91.90
12 13 109.93 389.20
12 20 311.40 36.82
13 14 230.74 204.49
13 21 229.97 300.91
14 15 417.77 281.66
14 22 101.12 401.61
15 16 336.28 35.66
15 23 481.28 237.58
16 24 192.25 179.12
17 18 465.43 458.43
17 25 51.62 450.45
18 19 437.80 95.89
18 26 460.70 464.34
19 20 44.83 410.46
19 27 484.20 254.40
20 21 2.36 94.12
20 28 143.59 313.76
21 22 130.94 374.34
21 29 18.25 360.91
22 23 175.25 436.01
22 30 142.57 276.37
23 24 337.63 478.85
23 31 312.03 318.90
24 32 216.44 4.28
25 26 498.02 181.86
25 33 462.71 49.64
26 27 132.31 400.51
26 34 145.53 93.01
27 28 364.85 190.36
27 35 3.48 349.05
28 29 444.76 5.84
28 36 443.17 88.35
29 30 319.60 74.12
29 37 462.69 337.85
30 31 435.03 137.94
30 38 273.86 77.60
31 32 414.31 111.49
31 39 56.46 226.34
32 40 430.39 272.89
33 34 230.62 428.41
33 41 454.76 193.33
34 35 478.06 87.07
34 42 93.85 123.58
35 36 180.08 458.70
35 43 313.94 183.56
36 37 307.75 258.70
36 44 189.40 250.92
37 38 347.05 9.00
37 45 325.03 309.73
38 39 346.85 260.06
38 46 447.68 120.71
39 40 337.66 361.99
39 47 232.20 394.12
40 48 88.33 162.59
41 42 167.01 318.95
41 49 91.00 121.76
42 43 12.29 69.06
42 50 208.83 106.13
43 44 192.64 388.91
43 51 64.83 6.58
44 45 72.47 372.58
44 52 265.28 261.87
45 46 123.49 112.32
45 53 270.87 448.53
46 47 422.06 117.72
46 54 208.59 369.73
47 48 238.43 46.25
47 55 231.72 470.62
48 56 440.36 320.05
49 50 133.21 107.37
50 51 139.00 224.21
51 52 229.13 151.29
52 53 293.27 437.97
53 54 257.42 485.91
54 55 326.88 322.26
55 56 492.49 399.35
12 23
1 2 194.83 257.77
1 4 161.23 318.33
1 5 370.09 432.10
2 3 266.86 292.14
2 5 49.81 475.44
2 6 161.88 288.24
3 6 21.69 393.60
4 5 258.86 462.05
4 7 213.65 392.07
4 8 69.42 352.65
5 6 116.28 298.56
5 8 3.94 409.55
5 9 236.52 261.36
6 9 395.46 63.40
7 8 83.62 387.95
7 10 462.76 278.45
7 11 145.72 123.98
8 9 96.78 15.80
8 11 56.08 363.64
8 12 307.95 105.89
9 12 339.08 469.82
10 11 394.13 360.77
11 12 363.42 152.99
