12 6 4
3 4
5 3
6 7
8 7
8 9
12 1
1 6
6 9
2 3
3 7
3 1 2
3 2
1 3
2 3
2 0 1
1 2
2 1 1
1 2
2 1
84 66 7
67 76
16 28
64 23
46 40
52 30
43 79
76 53
60 11
50 1
20 11
67 13
33 10
9 83
18 43
70 51
24 53
44 41
81 24
64 44
64 33
74 23
29 67
77 5
79 44
7 16
55 74
29 5
1 38
5 20
81 75
71 22
45 31
63 43
56 44
3 36
78 78
60 23
62 53
29 57
13 36
73 69
27 19
75 29
57 80
49 55
72 36
77 33
68 57
76 40
18 79
77 12
74 53
36 52
23 66
25 37
18 15
23 46
34 14
76 8
10 41
63 82
78 57
32 62
30 24
19 49
20 12
61 10
66 13
62 6
79 4
43 14
20 67
61 55
96 122 7
8 12
49 7
6 19
44 78
55 72
4 15
95 19
85 12
95 5
83 6
1 88
57 17
15 37
87 78
34 53
55 43
65 9
50 72
29 95
55 84
71 60
3 71
79 88
83 79
94 71
86 94
64 47
15 79
85 7
62 23
60 21
67 30
31 22
7 60
21 62
49 93
26 52
69 10
45 56
90 43
32 81
41 1
33 57
79 22
64 46
46 29
68 17
59 3
39 66
64 61
33 17
58 60
70 31
71 19
88 65
62 24
51 8
25 84
65 8
10 34
55 56
63 27
74 27
31 18
94 1
79 31
18 41
92 88
73 67
11 65
36 74
90 87
82 19
76 52
28 86
87 83
47 55
15 26
82 47
44 81
47 27
17 65
69 13
57 47
80 69
17 21
47 11
13 34
31 89
87 59
80 78
47 32
37 63
58 24
14 6
10 62
34 27
31 8
41 89
56 25
63 73
46 15
84 60
49 19
53 40
79 37
23 31
70 61
94 32
86 13
39 1
75 74
28 11
83 69
4 43
94 67
20 45
83 9
9 36
28 63
77 12
4 5
43 74
66 42
11 56
55 50
57 34
29 85
45 16
60 63 6
35 14
49 4
5 55
10 28
13 49
17 21
52 20
48 39
2 15
46 37
50 18
13 11
36 6
40 46
43 12
24 18
26 13
23 31
9 33
1 22
22 18
44 15
38 33
55 41
48 41
18 38
1 31
50 37
38 31
24 21
43 48
40 9
1 3
41 11
37 42
34 1
1 18
15 39
51 10
20 40
52 39
18 53
11 9
30 49
40 54
11 23
42 52
32 44
55 13
55 33
56 29
33 56
47 48
35 39
59 56
19 52
35 38
45 46
47 15
36 28
10 47
51 52
39 24
36 35
38 32
8 34
1 42
31 49
30 6
48 48 1
39 18
30 21
6 19
11 19
1 34
27 39
27 21
22 47
2 3
30 28
10 10
30 44
35 22
21 40
45 45
43 36
16 25
10 22
45 22
42 46
8 21
37 36
43 12
36 46
15 19
26 26
29 9
22 17
31 43
10 29
41 5
17 9
31 28
32 28
2 26
27 11
1 16
1 44
28 36
42 44
23 38
30 46
7 14
42 17
43 35
22 13
45 5
41 29
34 44
18 10 1
3 11
3 2
4 17
1 2
2 8
11 16
1 11
1 7
8 7
5 4
16 10
100 38 1
43 81
75 35
99 3
52 20
66 69
32 88
64 34
5 76
80 69
68 90
31 75
29 80
18 59
5 10
15 24
13 58
5 88
94 5
92 46
25 58
16 58
47 81
92 52
58 72
22 26
63 53
1 93
34 20
52 40
30 67
64 44
26 70
33 21
75 25
68 1
84 85
60 32
66 52
84 25
