10 20 5
-3.00 4.00
-8.00 0.00
-6.00 -4.00
4.00 2.00
7.00 -3.00
84 39 8
25.07 16.55
-25.41 -5.93
22.53 -8.17
4.53 -0.38
10.83 -4.77
1.13 18.14
34.96 5.79
18.25 -13.48
61 1 2
-21.63 0.80
-20.44 0.40
13 10 10
-3.16 0.13
4.91 1.13
-2.15 1.38
0.82 -0.06
6.65 -2.07
4.03 0.27
4.01 -1.00
5.59 -2.17
-1.42 3.08
5.95 -4.30
95 53 1
-28.74 9.15
89 35 1
-42.22 -0.98
6 24 10
2.41 8.42
-1.40 0.95
-0.75 6.25
0.08 4.03
0.19 -11.06
-0.37 10.36
2.58 5.30
-1.29 5.72
0.84 -3.50
1.13 -8.02
44 88 9
-7.47 -23.85
17.31 -13.17
8.21 40.17
3.90 13.84
15.78 -5.32
18.65 -8.94
13.85 16.21
18.08 -1.54
-12.50 39.62
92 14 9
12.98 -0.95
11.00 -3.07
26.31 -2.70
-4.87 -3.83
-28.75 -3.13
5.19 -1.17
-30.40 5.70
-36.51 -5.23
-0.42 3.65
99 94 7
-11.06 23.48
-12.50 -19.35
-26.01 7.94
-24.80 -32.68
23.48 -35.21
29.55 -31.57
24.76 -39.99
95 5 5
-30.26 -0.80
28.79 1.66
15.37 2.84
13.75 1.80
-38.12 -1.33
52 7 1
-15.36 0.23
82 57 8
-36.74 -19.00
41.00 -16.35
31.98 -20.85
40.82 -24.92
30.38 -23.88
-40.66 24.61
7.70 -17.72
-27.62 -5.67
92 82 3
4.83 6.51
-4.36 15.37
-36.83 2.53
76 30 10
5.85 11.33
18.83 3.87
-35.31 7.43
25.33 12.76
28.37 9.93
36.44 7.31
30.66 14.51
12.68 -0.08
-25.54 9.90
29.56 -12.69
65 25 6
-17.11 5.52
-11.40 -3.78
-16.96 -10.15
9.15 -6.41
10.32 0.77
31.15 -5.00
55 72 1
-1.07 6.66
95 45 3
33.53 -2.45
-46.69 -6.48
9.86 15.50
23 68 5
0.08 -13.26
5.38 -21.59
3.30 -31.22
-1.48 13.33
4.50 9.36
35 18 6
4.95 4.15
-5.51 4.33
-9.92 7.58
6.97 2.76
-8.00 0.58
-13.93 -4.31
88 69 1
-34.21 -9.05
0 0 0
