166
1 2 2 1 2 3 4 7 6 2 6 5 4 2 7 6 17 12 14 9 5 3 17 6 22 20 10 8 23 18 24 11 13 4 12 23 17 33 18 4 40 42 19 12 5 41 29 3 26 17 25 38 25 11 52 20 54 18 36 43 54 22 2 16 29 24 60 61 16 24 70 14 23 31 35 32 24 5 37 66 32 79 45 72 13 42 18 9 70 72 73 61 14 78 87 56 17 78 48 40 13 47 61 46 91 6 92 18 12 36 110 56 32 60 41 50 1 65 63 95 42 40 56 61 18 46 10 41 20 72 94 37 133 41 97 118 49 79 4 65 126 2 137 24 78 45 88 81 127 18 51 30 68 121 106 91 23 119 144 47 49 100 93 49 152
24
27 46
142 32
122 124
34 114
152 123
164 84
47 139
103 102
5 10
66 118
107 90
77 91
139 127
27 67
10 13
115 37
59 91
68 14
48 101
128 33
57 126
117 104
98 53
40 103
