226
1 1 3 4 3 6 2 6 7 7 2 10 6 2 1 15 14 13 17 10 15 21 13 3 16 18 10 17 5 14 1 30 32 33 29 14 31 2 4 22 31 11 14 9 17 17 6 7 3 50 31 39 49 8 48 30 47 13 8 58 42 8 56 41 6 46 67 63 52 7 33 36 26 58 51 54 11 62 67 15 63 36 76 59 49 67 21 34 88 32 32 61 44 21 28 54 89 28 48 66 39 96 16 76 76 88 47 92 68 30 4 44 80 108 11 32 85 38 78 85 82 122 45 18 28 82 89 18 121 24 104 42 16 127 6 114 106 66 96 54 105 102 111 65 97 127 106 57 28 56 13 130 57 69 155 93 15 110 116 4 141 85 55 163 76 63 139 39 144 88 105 102 40 68 7 157 45 135 49 79 24 65 54 92 148 54 18 168 186 156 176 164 66 50 165 157 124 134 6 96 38 129 14 85 6 21 63 58 179 121 152 209 198 2 104 157 64 126 136 61 87 119 29 164 178
110
119 94
147 125
202 189
43 217
56 49
13 125
112 207
28 48
203 12
50 86
176 116
216 89
178 79
210 206
17 162
200 136
30 120
35 5
82 78
222 138
126 9
36 12
215 64
59 191
75 108
51 25
224 40
113 175
118 97
155 135
32 129
45 61
22 79
66 104
157 61
16 56
69 51
68 58
114 127
22 189
9 72
213 6
112 100
181 3
197 109
137 2
11 181
63 33
34 129
137 190
190 152
20 33
203 88
90 91
214 111
53 222
183 40
1 68
140 181
70 110
64 207
112 75
162 175
108 196
77 18
159 41
170 179
73 146
40 162
10 28
47 63
23 3
102 24
71 16
205 141
125 42
121 11
117 57
185 225
26 36
16 185
76 186
138 148
106 177
84 115
204 130
178 1
133 54
24 203
69 2
117 194
44 12
204 160
69 162
158 94
197 174
53 47
134 190
194 13
141 52
128 119
181 79
119 87
132 142
64 201
144 181
168 187
192 146
121 34
81 53
