169
1 1 1 4 3 4 5 3 6 3 6 3 11 5 9 5 12 3 18 20 1 13 18 19 10 17 12 26 23 24 5 11 1 6 5 16 28 29 29 17 1 11 27 35 26 9 5 13 16 2 12 19 32 1 8 55 37 32 54 25 20 4 47 21 15 58 51 67 44 34 27 47 53 74 34 21 14 42 42 40 46 63 71 13 66 85 11 36 47 3 75 78 8 53 16 30 42 90 28 7 40 68 74 11 69 18 41 89 76 100 36 29 76 19 47 51 17 62 101 81 66 81 63 78 28 85 119 84 75 28 94 128 116 58 10 71 82 62 48 41 50 94 78 3 120 138 67 144 70 46 97 2 148 23 99 29 128 90 132 63 126 89 59 107 162 72 28 96
75
86 146
40 29
69 43
169 59
120 164
138 2
102 140
164 127
79 26
95 6
166 161
138 89
53 78
85 126
106 12
106 23
157 145
51 57
18 51
116 138
45 84
139 146
55 134
103 133
159 29
138 156
20 106
75 73
15 160
29 120
3 135
143 160
110 25
47 128
75 162
96 119
76 66
96 131
30 30
94 19
58 63
5 78
169 80
150 14
70 10
134 72
144 107
62 85
131 109
44 36
101 140
155 8
36 81
138 65
110 62
84 168
125 89
76 124
169 57
137 69
67 101
141 42
38 34
127 169
143 1
35 74
140 21
82 7
101 50
71 42
112 155
40 67
75 116
21 74
4 158
