114
1 2 1 1 1 5 4 1 5 8 5 8 11 2 13 3 11 5 5 19 18 22 3 5 19 22 22 10 5 2 30 17 23 10 19 31 3 4 34 25 34 11 10 28 17 3 37 48 14 50 47 7 53 2 17 42 49 6 5 60 9 3 33 53 22 4 45 28 11 37 2 70 58 19 45 11 23 28 11 47 29 4 58 30 8 86 8 83 8 16 86 22 21 43 5 53 49 71 94 65 24 99 64 3 23 22 18 56 62 33 11 103 39
45
30 49
89 41
42 99
61 35
11 86
87 16
34 30
98 28
104 11
24 60
13 49
84 31
108 33
65 4
24 104
93 53
38 67
94 80
52 40
1 62
11 87
77 44
2 61
72 106
71 96
51 83
30 20
114 23
53 64
27 76
53 5
15 91
72 108
56 9
34 57
71 44
29 34
88 31
94 45
22 50
27 73
18 56
92 18
79 31
81 105
