258
1 1 2 4 2 3 4 1 4 7 2 6 2 1 2 8 9 14 4 13 3 7 18 16 5 14 20 12 20 18 26 18 25 10 19 5 27 3 9 7 29 13 28 36 16 33 13 40 24 23 23 33 41 11 15 53 41 58 21 25 36 11 60 21 31 32 32 13 37 47 25 16 72 73 3 25 55 25 12 15 61 48 67 43 67 6 39 44 6 71 82 60 90 80 94 42 32 44 61 86 12 98 8 10 99 12 44 70 46 61 92 19 16 72 78 107 82 15 49 92 110 38 51 109 21 50 39 63 108 119 45 125 115 56 5 109 72 62 62 131 141 38 15 20 130 114 8 88 134 69 53 123 118 117 105 146 24 155 67 158 143 123 152 123 28 160 92 116 69 169 107 70 44 126 94 26 89 105 132 72 8 15 37 150 156 164 140 186 162 31 186 143 177 175 96 17 170 8 155 54 6 81 136 57 26 43 88 130 166 34 4 177 52 48 140 18 22 86 16 210 123 9 156 106 212 42 126 183 51 76 16 58 170 173 124 201 224 227 113 176 27 119 138 86 175 53 106 202 151 125 193 40 137 118 160 122 167
24
72 225
133 89
31 63
20 166
24 5
154 146
195 182
15 83
14 199
138 124
150 37
253 90
77 134
209 239
256 117
28 69
84 160
157 114
222 177
22 246
182 175
134 118
98 148
201 112
