280
1 1 3 1 5 4 1 4 7 4 11 4 9 3 9 8 8 8 17 13 18 2 7 24 15 3 4 8 11 26 6 10 1 5 13 35 28 14 16 17 28 15 30 16 24 13 38 48 33 33 33 26 39 50 27 17 1 36 33 22 28 45 41 30 56 1 28 40 25 58 71 2 13 51 29 54 73 14 55 49 67 27 9 47 21 50 74 22 16 35 56 58 10 25 8 92 26 49 54 63 33 54 67 51 22 3 20 17 22 96 85 4 22 98 67 51 51 50 82 73 98 36 29 112 70 39 109 105 104 52 58 16 124 12 82 19 16 109 40 44 93 7 49 122 132 135 42 50 51 145 143 22 40 27 8 127 76 143 100 45 49 11 66 38 26 1 61 45 133 110 100 76 120 161 50 106 150 101 167 33 97 159 60 146 9 70 113 99 53 45 154 111 58 40 158 90 41 33 144 198 164 61 87 104 46 146 22 13 58 8 52 171 194 123 128 206 205 44 105 49 96 63 178 164 110 137 43 158 177 209 157 135 48 24 21 101 192 46 117 20 55 178 216 33 75 118 22 62 169 142 118 28 215 68 214 85 223 7 6 166 243 183 58 36 212 81 150 164 134 14 188 196 214 159 235 24 16 262 93
103
142 225
237 100
19 191
193 261
198 198
160 179
114 220
217 58
26 94
229 164
108 142
86 47
24 45
71 40
29 164
246 171
108 202
270 126
113 182
107 31
100 266
209 213
206 146
271 231
240 219
115 67
81 200
114 104
245 184
144 274
68 110
164 175
32 153
21 144
55 128
175 154
114 103
87 40
249 77
271 208
16 105
275 96
25 108
200 270
11 63
263 78
173 147
253 204
19 274
68 74
122 242
228 235
65 35
274 33
112 265
241 127
90 235
222 115
62 141
104 73
204 87
150 97
233 123
20 252
116 87
45 237
49 273
192 113
27 186
146 138
170 106
264 260
60 206
94 121
67 198
193 270
4 63
86 237
186 106
208 22
193 253
259 241
245 170
74 272
76 219
129 245
44 113
225 103
38 38
224 104
235 137
94 239
199 180
195 104
6 122
126 198
95 104
159 59
273 232
50 68
170 179
33 213
11 257
