224
1 1 1 2 3 1 7 3 1 9 8 3 12 12 1 12 4 10 3 20 14 10 18 21 20 3 2 11 5 3 11 29 12 20 10 29 27 10 3 31 6 34 42 1 27 46 35 37 25 44 39 9 17 29 2 7 36 5 28 47 10 51 42 32 25 62 19 7 13 25 61 22 11 61 23 56 63 3 40 25 74 21 39 20 66 43 30 35 51 73 16 67 58 79 21 95 74 49 8 94 86 96 24 104 80 57 77 61 63 24 97 54 52 39 82 27 97 6 74 48 103 96 14 58 77 42 57 48 107 69 40 89 62 72 90 30 10 53 109 90 84 93 17 8 143 121 41 121 130 135 31 109 104 49 28 46 101 99 106 75 24 158 23 100 84 133 138 96 30 102 36 133 43 57 144 41 27 18 8 4 180 45 135 124 104 170 181 38 101 121 128 131 117 156 57 21 119 22 135 156 143 179 111 196 43 76 40 75 98 49 80 98 102 24 29 8 5 22 53 122 162 201 52
38
159 117
99 69
142 26
19 77
223 141
67 46
224 109
126 105
161 210
208 44
10 14
52 14
36 105
138 200
84 190
51 18
83 149
87 224
175 105
76 174
22 143
219 22
28 120
126 188
106 109
7 115
123 59
129 159
163 43
135 23
9 185
40 91
110 127
91 60
8 166
10 29
85 4
51 112
