264
1 1 1 3 2 3 5 3 9 3 4 8 4 7 12 16 9 14 15 17 21 17 1 3 12 19 11 5 14 29 19 11 1 28 32 12 8 22 27 4 32 42 32 3 23 22 1 48 11 40 41 9 28 45 15 56 31 37 9 60 36 46 20 38 35 15 61 50 54 41 58 40 42 41 47 5 2 49 4 18 33 68 33 78 56 56 80 17 26 5 16 80 74 46 43 32 69 34 5 48 93 89 3 50 43 68 58 46 29 64 72 75 46 5 68 7 81 59 29 117 67 51 103 43 113 35 85 78 80 93 11 71 78 14 2 135 102 77 58 140 19 8 95 78 13 37 87 115 113 125 113 46 38 90 100 23 135 49 120 77 4 135 2 99 154 5 99 113 98 1 115 122 10 59 43 26 104 148 165 61 120 121 118 167 46 53 10 20 112 153 111 118 122 115 42 111 122 160 47 39 162 183 183 176 50 29 1 172 203 194 35 134 125 173 115 180 20 128 204 150 86 114 65 5 23 115 133 164 71 188 211 27 169 190 230 227 226 234 189 221 218 231 134 119 186 21 78 210 166 62 131 14 192 207 19 220 82 169 150 163 123 129 196
26
80 190
41 67
185 249
46 159
236 191
23 171
213 107
130 124
172 3
138 107
218 157
70 37
65 223
203 189
88 135
240 168
60 16
235 244
264 17
139 235
207 161
142 155
3 7
15 174
10 153
17 227
