187
1 2 2 1 3 6 3 1 7 7 9 7 6 12 15 8 14 11 10 10 13 15 10 18 21 15 5 14 1 30 16 21 26 31 28 13 28 5 15 18 31 6 42 8 44 45 32 37 27 9 13 8 43 36 49 36 13 2 8 15 1 41 57 51 36 45 10 20 56 36 51 40 47 51 55 46 50 32 28 16 46 50 28 31 23 18 1 43 22 13 66 23 74 58 4 33 29 18 62 10 70 34 67 35 2 40 100 71 85 32 95 38 101 21 81 18 45 84 76 75 104 44 107 80 121 114 125 33 10 78 47 101 124 1 14 128 52 5 83 21 45 63 69 30 90 26 54 1 133 149 94 113 54 75 60 49 61 58 91 74 155 151 37 146 154 54 138 52 59 72 78 115 150 163 153 85 20 42 87 180 42 19 135 106 109 23
84
182 91
86 81
83 73
123 62
60 182
29 117
61 107
15 185
82 2
161 172
23 18
75 22
60 94
160 168
17 182
147 12
85 46
92 168
118 27
42 177
22 71
107 82
177 121
80 72
123 54
56 145
71 130
166 131
36 138
111 52
133 71
63 31
116 155
11 47
181 53
36 16
123 143
98 113
76 177
184 11
43 52
156 114
181 134
58 30
85 169
81 30
52 144
60 167
111 70
26 105
123 62
121 58
18 31
171 93
21 167
104 64
32 72
177 26
19 48
55 103
29 136
132 80
92 4
60 16
74 86
120 9
148 53
67 165
84 50
71 104
30 175
167 61
60 157
86 78
17 141
180 45
89 125
125 181
129 185
9 16
83 129
25 44
182 91
21 78
