255
1 2 1 2 1 4 1 4 9 1 2 12 4 3 14 11 13 18 3 9 18 17 6 24 14 20 6 6 29 8 14 27 30 22 4 34 9 7 16 10 11 22 9 23 31 4 9 21 3 16 43 47 3 3 49 33 45 4 47 45 19 15 36 13 58 45 9 9 59 38 26 7 4 41 45 56 50 61 13 55 7 81 48 12 3 39 63 72 46 46 52 76 70 13 2 61 78 14 75 66 68 12 77 75 70 36 48 33 13 66 110 23 65 64 39 71 1 6 51 63 68 121 43 37 15 46 118 119 65 88 76 23 105 43 120 61 90 45 104 108 130 104 139 72 42 44 16 43 53 79 123 138 79 24 32 99 81 20 89 2 129 22 30 96 74 11 5 18 66 132 150 53 87 147 141 138 25 162 13 89 79 161 73 175 7 112 109 103 138 27 107 102 52 144 22 140 158 28 163 38 183 140 101 84 109 62 40 140 43 55 35 135 30 120 125 38 34 36 158 194 67 62 91 127 4 118 64 186 151 23 1 132 184 117 230 75 189 40 237 239 103 37 153 138 174 52 183 214 93 115 187 169 186 39
31
192 171
132 145
84 157
145 228
103 17
222 184
219 9
181 218
117 219
123 6
144 177
194 109
17 55
44 187
243 82
248 179
253 125
68 81
26 213
54 129
229 21
57 193
29 237
155 146
200 23
151 89
199 89
197 216
144 240
147 131
67 140
