102
1 1 3 4 3 6 2 6 4 1 8 5 7 11 10 14 7 5 6 6 21 9 5 16 2 19 4 12 9 27 27 21 7 26 20 24 25 32 16 3 37 4 20 19 39 6 13 13 20 28 28 19 49 41 1 54 28 8 23 47 2 15 27 16 65 65 61 45 56 22 51 51 29 13 9 20 22 31 42 54 77 5 2 73 69 4 72 25 16 19 5 19 41 45 42 43 44 33 9 25 65
41
97 4
99 7
30 25
47 84
94 41
89 96
27 69
100 8
97 15
29 102
35 74
48 80
17 94
12 26
17 78
6 12
81 2
18 9
27 65
92 18
3 79
12 29
45 9
37 40
24 66
40 59
38 88
37 55
79 48
81 95
24 86
5 2
87 23
10 12
87 102
29 90
78 41
16 20
50 53
60 73
17 99
