253
1 1 2 3 4 5 7 4 7 8 5 12 2 4 2 11 5 12 18 14 20 13 14 4 25 2 23 3 14 26 1 11 9 19 35 34 12 33 14 3 24 32 1 33 45 4 18 13 37 15 49 34 47 30 44 48 34 37 56 5 30 61 25 48 35 26 46 57 18 1 64 61 55 66 43 56 75 73 78 57 18 77 30 8 41 13 82 7 69 79 14 23 80 51 95 37 89 66 22 17 68 12 1 45 1 61 17 105 55 16 74 81 8 2 93 64 19 87 75 112 74 94 23 58 38 22 108 28 109 9 51 68 24 52 127 24 131 13 20 64 33 115 25 44 120 143 126 146 106 72 139 49 38 16 121 86 43 99 122 18 112 25 102 142 89 93 7 83 110 31 163 152 171 21 33 143 17 7 142 145 93 130 23 140 150 168 57 16 100 13 38 42 42 159 16 148 75 25 49 6 61 40 185 59 65 20 20 86 28 187 45 137 128 72 87 89 52 154 108 169 171 152 220 221 113 15 168 201 43 226 209 114 41 191 182 116 215 207 215 9 182 27 166 86 110 21 188 170 197 63 114 141
119
111 138
111 127
71 80
174 67
56 45
111 8
240 235
237 206
209 247
144 237
166 233
97 188
172 17
134 235
131 22
218 241
160 76
115 231
155 35
44 210
79 155
218 66
136 202
19 91
195 162
75 108
142 171
42 60
187 176
42 65
198 7
52 104
82 167
81 236
202 125
193 28
26 158
93 161
106 111
252 48
20 73
156 161
243 198
221 177
120 9
241 65
15 40
168 97
207 249
79 155
120 19
182 146
176 21
53 29
132 51
76 152
124 231
60 113
175 27
37 42
36 25
106 50
65 21
147 18
17 225
172 137
244 100
29 167
121 82
195 253
132 18
151 3
249 210
115 171
237 152
212 19
177 65
69 241
86 215
5 103
187 177
239 177
24 15
91 144
96 32
144 228
50 41
230 45
251 92
215 234
243 174
253 166
239 68
154 71
29 158
174 216
82 159
140 105
174 230
249 16
9 139
243 58
180 219
102 178
57 64
158 47
237 158
212 222
225 113
40 1
18 213
216 99
119 103
204 39
79 199
55 88
85 44
145 12
10 247
