249
1 1 3 2 3 6 1 8 9 3 10 4 9 5 14 12 11 5 8 8 4 10 19 10 25 13 1 3 14 28 27 10 11 20 23 33 21 27 33 19 37 32 33 24 3 32 12 34 45 32 3 4 3 48 27 2 20 30 7 49 27 60 6 48 35 50 43 7 30 34 40 24 17 24 65 23 77 9 79 73 61 5 82 68 79 41 73 25 88 85 8 39 83 16 16 42 89 79 52 35 29 8 70 53 41 57 86 42 71 88 32 45 96 31 24 90 86 5 6 86 119 16 17 108 37 38 38 26 13 107 72 50 119 30 120 39 103 95 93 56 69 136 114 48 32 145 15 141 5 23 100 1 42 122 136 88 14 27 122 30 160 50 92 145 87 75 28 47 23 141 115 106 135 80 166 176 81 9 169 87 36 110 90 86 74 68 6 91 101 151 127 100 20 44 79 123 133 113 179 161 80 115 86 36 6 76 36 100 87 25 204 130 153 97 17 25 177 24 131 76 199 58 193 224 110 61 142 36 192 120 222 54 21 90 96 28 178 138 143 40 167 135 189 100 3 211 130 204
120
30 42
214 95
8 214
216 74
120 6
33 249
245 90
22 91
191 51
29 86
199 70
9 89
14 111
91 226
241 47
217 22
88 182
117 96
146 83
170 16
89 202
16 85
43 38
176 234
89 204
71 38
24 79
127 37
190 218
14 181
15 230
203 103
163 70
198 59
153 119
75 242
71 91
77 114
128 3
99 216
206 169
5 230
247 132
18 188
100 32
120 115
13 73
218 175
143 167
233 47
36 59
39 107
149 116
220 27
118 69
243 75
238 248
56 235
131 73
174 231
104 44
96 116
116 65
41 9
231 25
56 18
83 94
124 231
209 95
9 78
163 3
152 151
1 207
137 132
31 61
113 135
104 209
2 220
24 43
229 6
67 35
23 150
129 146
132 88
240 140
165 154
143 68
56 144
26 192
26 57
4 138
191 108
97 192
79 120
234 58
125 52
93 147
202 221
44 84
59 35
224 224
188 117
42 243
11 68
186 37
124 190
174 66
48 21
8 127
141 242
184 17
45 27
164 246
247 207
81 57
241 55
31 180
172 73
174 183
141 110
