10 9 1 5
4 1
4 3
5 2
7 6
9 8
9 7
6 4
9 5
10 9
5 4 2 4
5 4
5 1
4 3
3 2
4 2 1 3
4 1
3 2
50 48 26 16
39 11
39 47
39 12
47 24
12 1
24 25
24 43
25 48
43 13
13 26
26 41
41 33
41 27
33 49
27 32
40 23
40 10
23 3
23 4
10 18
10 9
10 38
3 2
2 15
4 5
18 7
9 42
18 8
8 16
8 22
7 17
16 44
17 28
17 30
44 21
44 31
28 45
28 29
30 50
30 34
50 36
50 46
21 35
35 37
1 14
14 20
14 6
6 19
50 48 15 17
39 11
39 47
39 12
47 24
12 1
24 25
24 43
25 48
43 13
13 26
26 41
41 33
41 27
33 49
27 32
40 23
40 10
23 3
23 4
10 18
10 9
10 38
3 2
2 15
4 5
18 7
9 42
18 8
8 16
8 22
7 17
16 44
17 28
17 30
44 21
44 31
28 45
28 29
30 50
30 34
50 36
50 46
21 35
35 37
1 14
14 20
14 6
6 19
50 48 47 49
39 11
39 47
39 12
47 24
12 1
24 25
24 43
25 48
43 13
13 26
26 41
41 33
41 27
33 49
27 32
40 23
40 10
23 3
23 4
10 18
10 9
10 38
3 2
2 15
4 5
18 7
9 42
18 8
8 16
8 22
7 17
16 44
17 28
17 30
44 21
44 31
28 45
28 29
30 50
30 34
50 36
50 46
21 35
35 37
1 14
14 20
14 6
6 19
2 0 1 2
2 1 1 2
1 2
3 1 1 3
1 2
3 1 1 3
1 3
0 0 0 0
