8 160
30 58 43 65 33 42 50 35
5 50
29 37 43 18 33
1 80
100
5 60
77 88 99 79 87
5 200
40 40 40 40 40
253 3944
79 80 92 20 34 77 28 56 48 63 37 52 96 92 64 72 15 61 2 25 14 81 16 41 13 11 100 22 52 84 62 30 64 53 50 98 30 78 53 77 41 90 29 36 81 92 7 95 53 9 20 67 90 35 7 3 46 7 24 98 91 86 27 54 38 77 52 67 54 4 44 94 94 73 29 74 64 36 69 17 45 89 83 34 23 90 36 69 96 59 66 86 44 93 40 82 69 92 49 22 96 93 15 89 65 44 62 29 79 31 45 23 19 28 56 42 17 91 11 13 50 77 99 94 69 39 75 37 30 24 59 25 16 74 13 80 17 75 8 96 6 53 18 25 80 74 66 97 64 76 10 14 53 8 7 21 47 82 58 76 6 16 100 21 89 13 100 6 88 8 1 93 60 19 17 40 92 82 36 56 58 46 69 10 54 76 31 100 58 88 75 63 4 75 84 93 88 84 98 75 91 99 67 50 17 84 89 8 65 25 63 23 71 32 33 24 8 64 23 66 52 98 29 55 72 12 48 60 95 46 34 85 44 1 35 60 84 24 68 49 49 31 72 19 63 5 42 70 68 64 35 19 61
189 7308
33 75 21 93 69 66 26 54 9 27 88 69 10 12 37 58 60 67 29 78 29 33 19 99 1 83 34 19 44 96 92 77 70 13 69 39 78 95 92 87 21 80 55 30 91 91 88 50 58 17 28 87 50 47 85 50 30 19 69 73 14 61 50 84 73 18 23 50 13 14 37 33 94 91 63 84 82 50 34 40 66 61 26 16 8 11 65 37 29 34 10 43 94 59 27 66 77 49 16 89 63 52 21 56 43 83 40 25 33 73 64 99 34 90 14 42 1 79 78 30 12 87 73 5 45 99 71 22 48 87 10 10 39 31 66 81 14 6 6 46 79 70 45 12 59 58 53 60 37 31 89 48 17 61 53 62 60 24 83 8 10 93 17 49 23 83 30 36 88 35 82 66 4 26 78 63 84 31 23 20 62 11 68 79 72 21 41 32 44
70 3857
54 16 56 2 39 39 31 74 27 65 56 92 69 81 70 32 65 1 54 85 62 65 52 41 37 72 81 68 16 4 7 69 19 62 71 57 1 1 31 27 66 86 19 35 67 88 66 32 89 19 16 51 83 68 91 20 40 71 87 55 74 94 24 93 56 94 50 56 94 80
245 5945
66 100 94 33 88 59 64 76 78 80 27 61 48 17 80 87 88 67 42 62 60 65 54 15 58 4 71 52 84 52 12 49 52 5 82 39 64 46 15 42 25 41 2 72 58 82 59 45 48 100 6 8 65 60 23 22 64 93 74 47 44 86 96 95 90 77 34 54 22 48 95 47 89 97 19 46 79 77 91 26 77 97 34 41 57 56 63 20 48 37 66 92 22 61 87 11 38 20 65 60 68 60 6 57 57 25 2 35 1 93 61 78 89 94 18 45 49 80 64 97 16 30 89 37 90 75 48 28 95 13 87 63 72 93 19 29 17 21 63 18 13 23 95 2 17 12 47 65 92 11 62 8 40 50 44 30 25 92 57 20 4 44 82 76 36 100 4 53 21 67 70 33 89 65 35 6 77 81 70 69 91 32 76 30 81 19 60 6 11 16 25 14 59 6 89 95 6 93 47 26 59 17 59 48 82 93 53 59 73 23 27 64 54 2 94 35 21 53 41 31 68 65 45 27 71 34 22 76 26 69 2 85 86 61 33 67 53 85 26 26 8 52 89 62 54
247 9590
74 35 36 5 3 1 49 30 71 83 51 47 8 20 49 93 5 9 25 72 62 10 97 87 17 48 76 78 1 58 74 75 93 10 79 95 11 28 24 81 10 75 28 18 94 77 10 99 85 35 70 46 44 66 33 61 13 9 38 14 66 12 89 59 22 67 53 32 95 77 13 4 52 40 22 46 17 31 44 1 65 13 47 9 79 79 69 92 87 7 5 53 18 93 11 39 60 64 71 54 41 83 58 93 23 79 38 39 10 81 39 75 94 85 84 72 64 52 63 51 58 68 3 76 60 14 15 20 78 85 74 19 67 32 11 89 11 48 28 20 29 66 95 23 51 78 94 15 30 57 65 88 24 68 63 84 82 78 3 60 62 77 78 29 8 89 18 18 36 45 38 65 11 33 87 61 11 81 75 40 37 40 28 60 7 91 44 89 68 47 48 30 23 25 58 31 13 75 49 49 20 86 14 30 19 1 91 29 81 66 69 18 5 96 78 12 87 21 100 54 67 47 83 90 72 41 20 84 16 68 33 35 54 46 65 72 47 55 1 27 20 70 45 24 66 22 35
0 0
