83 39 77 79 90 19 33 76 27 54 47 62 36 50 94 90 62 71 14 60 1 24 13 79 15 39 12 10 98 21 50 83 60 29 63 51 48 96 28 76 52 76 39 88 28 34 79 90 6 93 52 8 19 65 88 34 6 1 45 6 23 96 89 84 26 53 37 75 50 66 52 3 43 92 92 71 28 73 63 35 68 16 43 87
82 32 22 88 34 67 94 58 65 85 43 91 39 80 67 90 47 21 94 91 14 87 63 42 61 27 77 30 44 22 18 27 55 41 16 89 10 12 49 75 97 92 67 37 74 36 29 22 57 24 15 72 12 78 16 73 7 94 5 51 17 23 78 72 64 95 63 75 9 13 51 7 6 20 45 81 56 74 5 15 98 20 88
12 98 5 86 7 1 91 58 17 16 38 90 81
35 54 57 44 68 9 52 74 30 98 57 86 74 62 3 74 82 91 86 82 96 73 89 97 66 49 16 82 88 7 64 24 62 22 69 31
32 22 7 62 22 64 50 96 27 54 71 11 46 58 93 44 33 83 43 1 34 59 82 23 66 47 47 30 70 18 61 4 40
68 66 63 34 18 60 62 72 32 73 20 91 67 64 25 52 8 25 86 67 9 11 35 57 58 65 28 76 28 32 18 97 1 81 32 18 43 94 90 75 69 11 67 37 76 93 90 85 20 78 54 29 89 90 86 49 57 16 27 85 48 45 84 49 28 17 67 72 13
59 48 82 71 17 21 49 12 13 35 32 92 89 61 82 80 49 33 39 65 60 25 14 7 10 64 35 28 32 9 42 92 57 26 65 75 48 15 87 61 51 20 55 42 82 39 24 32 72 63 97 33 88 13 40 1 77 76 29 11
85 71 4 44 97 70 20 46 85 9 9 37 29 65 80 13 5 5 45 77 68 43 11 58 57 52 58 35 30 87 47 16 60 52 61 59 23 82 6 9 91 16 47 22 81 28 35 86 34 80 65 3 25 77 61 82 30 21 19 60 10 66 77 71 19 39 31 42 22 38 52 15 54 1 37 37 30 73 25 64 54 91 67 80 69 30
63 1 52 83 61 63 51 39 35 71 79 67 15 3 6 67 18 61 69 56 1 1 30 25 64 84 17 33 66 87 64 31 87 18 15 49 82 66 89 18 39 69 86 54 73 92 23 91 54 92 48 54 92 79 80 58 65 98 92 32 86 58 63 75
76 78 26 59 46 16 78 85 86 65 40 60 59 63 53 14 57 3 69 51 82 50 11 48 50 4 80 38 63 44 14 40 24 40 1 71 56 80 57 44 47 98 5 7 63 59 22 21 62 91 73 45 43 84 94 93 89 75 33 53 21 47 94 46 87 95 18 45 77 75 89 25 75 95 32 39 55
54 61 18 47 35 64 90 20 60 85 10 36 19 64 58 66 59 5 55 55 24 1 34 1 91 59 76 87 92 17 44 48 78 63 95 15 28 87 36 89 74 47 27 93 12 85 61 71 91 18 27 16 20 61 17
12 22 93 1 15 11 45 64 90 9 60 6 38
49 43 29 24 90 56 18 3 42 80 74 35 98 3 51 19 65 69 32 88 64 33 4 75 79 69 67 89 30 74 29 80 18 58 5 10 15 24 13 58 5 88 93 5 91 46 25 58 16 57
47 80 91 52 57 72 22 26 62 53 1 92 34 20 51 39 30 67 63 43 26 69 32 21 75 25 67 1 83 84 59 31 66 52 83 24 25 7 50 88 60 52 81 94 72 34 35 4
2 1 48
28 70 81 50 46 7 18 47 91 4 8 24 70 60 9 95 85 16 47 74 76 1 57 72 73 91 9 77 93
10 27 23 80 9 73 27 17 92 75 9
97 83 33 68 45 43 64 32 59 12 8 37 13 65 11 87 57 20 66 52 30 93 76 12 3 50 39 20 44 15 30 42 1 64 12 45 8 77 77 67 90 85 6 4 52 17 91 10 38 59 63 69 53 40 81 57 91 21 78 37 37 9 79 38 73 92 84 82 70 62 51 61 49 57 66 2 74 59 13 14 19 76 83 72 18 66 30 10 87 10 47 26 19 28 65 93 21 50
77 92 14 29 55 63 86 23 66 62 82 80 76 2 58 61 75 76 28 7 87 17 17 35 43 37 64 9 32 86 60 10 79 74 39 36 39 26 59 6 89 42 87 66 45 46 28 22 24 57 29 12 74 47 48 19 85 13 29 18 1 89 28 80 64 68 17 4 95 76 11 85 20 98 53 66 46 82
88 70 40 19 82 15 66 32 34 52 45 63 70 45 53 1 26 18 68 43 23 64 21 34 50 42 34 4 9 80 87 97 51 28 17 35 43 84 67 77 38 13 42 10 59 95 10 86 15 79 31 39 45 52 73 96 94 8 2 5 88 89 3 41 18 21 77 61 7 45 40 45 59 82 55 20 79 66 7 95 47 38 35 92 90 10 89 86 18
91 91 8 81 95 50 1 18 28 62 25 74 3 71 34 86 28 54 66 94 61 63 42 1 98 36 91 9 26 79 28 18 72 37 1 69 88 1 87 17 63 14 91 66 86 27 54 15 82 22 11 44 85 54 45 84 90 38 94 17 18 24 35 90 62 36 60 51 37 49 68 1 64 61 68 51 88 23 66 71 45 78 17 32 33 63 18 24 2 13 41 21
38 77 12 1 14 73 52 51 24 22 53 88 83 23 41 73 47 9 45 93 87 63 26 21 27 44 45 29 58 86 50 96 64 63 97 79 38 51 31
63 73 85 52 57 9 94 32 57 4 77 51 91 42 77 13 69 23 59 1 81 46 51 78 12 16 76 91 55 28 24 19 3 11 72 60 20 67 93 78 71 71 30 63 15 8 77 85 31 37 85 14 84 38 92 97 55 70 89 11 1 15 30 3
26 3 64 47 70 58 26 43 31 56 7 46 65 85 32 97 24 19 12 10 57 5 8 14 76 97 25
76 14 55 79 40 59 44 88 30 3 15 73 34 72 81 80 38 68 14 37 92 33 50 3 91 56 12 6 33 11 32 10 25 87 89 66 48 35 55 79 38 70 54 73 44 37 55 83 6 69 21 1 4 72 4 95 29 16 3 62 27 35 73 53 24 64 20 72 1 75 53 38 47 8 13 91 45
68 76 52 39 97 52 43 71 57 40 1 74 44 64 3 79 38 56 5 3 76 78 3 53 32 42 2 40 55 93 86 25 71 39 64 69 92 8 42 50 49 43 25 93 8 28 74 46 85 79 50 62 59 53 17 91 96 19 33 53 14 21 78 85 60 43 56 54 52
98 5 2 42 31 96 51 60 71 98 46 52 49 10 12 4 28 4 2 47 38 55 61 59 34 48 21 78 5 75 32 4 81 35 47 14 32 98 74 5 98 22 57 48 33 69 53 61 74 55 10 14 11 71 73 46 20 95 26 26 71 58 31 54 93 78 68 27 78 44 32 77 66 89 27 1 60 81 63 35 37 73 50 49 46 24 96 67 21 23 93 93 81 25 48 76 5 17 4
83 61 37 62 29 28 90 31 88 72 94 25 10 69 75 60 16 1 57 83 22 80 78 16 63 4 64 40 9 82 45 93 45 83 56 75 12 47 7 1 21 3 26 31 72 2 92 89 4 50 73 26 32 52 43 95 57 9 37 67 91 83 61 38 67 19 14 79 67 22 81 88 26 8 21 1 11 14 89 15 65 64 42 97
17 85 94 75 94 33 43 87 17 5 26 85 25 41 66 92 64 48
82 90 57 4 91 69 18 81 85 83 46 28 82 64 14 77 40 10 11 83 97 29 89 25 15 16 66 81 10 31 31 92 23 88 96 15 59 16 96 45 1 44 73 83 9 88 62 50 98 74 35 97 4 26 23 20 42 89 3 52 22 34 45 45 24 43 60 83 59 58 29 60 3 3 45 13 92 9 63 91 83 98 90
87 25 14 8 68 4 11 21 26 46 67 72 70 11 33 54 70 91 83 32 95 87 78 9 80 87 72 73 72 72 64 60 98 78 69 67 83 81 88 11 28 56 83 1 68 18 54 39 11 39 72 7 28 52 16 9 41 89 83 14 63 49 75 62 28 45 30 13 28 19 25 57 76 9 57 45 28 13 85 39 52 59 46 81 12 63 90 54
54 75 68 18 25 44 80 54 90 11 68 19 31 93 76 9 4 34 54 32 48 41 72 1 1 20 82 14 84 74 68 39 51 38 58 76 82 40 32 73 52 1 93 83 94 70 93 1 6 49 33 54 90 6 56
92 26 40 7 11 15 76 51 67 15 10 45 97 50 77 72 4 79 66 87 74 38 82 75 44 32 9 98 23 15 56 16 42 96 24 53 13 1 6 80 17 16 26 16 67 5 88 71 84 56 60 60 94 44 36 39 76 45 39 1 61 95 17 4 92 42 58 6 44 64 87 61 81 14 77 50 19 67 23 4 24 84 65 19 29 2 58 6 48 98 7 10 94
25 15 88 67 74 95 12 39 83 73 22 97 52 72 18 20 95 23 44 80 88 63 10 91 23 17
40 23 24 51 19 49 67 8 17 42 4 30 81 87 5 5 86 57 77 6 77 74 30 23 55 19 87 66 11 12 83 52 35 9 4 54 58 71 63 76 15
67 8 97 56 13 3 44 71 80 51 49 56 81 73 12 1 61 79 13 74 64 66 10 73 70 65 33 43 29 11 58 97 19 56 55 32 60 1 4 41 51 54 97 33 29 11 35 91 91 49 66 56 16 77 31 87 43 64 32 73 76 91 71 95 49 28 29 10
28 34 52 80 89 50 15 20 62 50 12 55 1 79 12 17 57 44 6 2 10 38 76 86 30 49 83 79 77
13 89 6 48 42 87 39 93 3 59 57 54 71 13
55 52 26 73 10 70 79 13 80 18 90 68 48 40 52 29 18 66 20 25 15 62 13 55 57 17 15 15 71 87 29 27 40 56 1 51 27 80 64 9 1 56 77 49 96 31 78 16 97 98 41 14 62 55 69 20
72 85 36 45 73 66 72 15 23 74 66 51 55 32 60 56 88 39 6 85 71 84 3 69 84 45 84 47 2 55 68 75 42 6 21 16 72 94 31 95 69 98 48 26 31 10 82 20 49 88 7 22 74 11 91 59 56 77 8 58 34 77 34 76 83 55 93 57 50 25 53 21 24
3 47 56 13
30 77 63 20 85 85 94 96 77 55 53 56 64 13 90 42 47 68 27 4 62 84 55 88 39 76 13 42 24 70 55
55 48 19 75 34 5 71 31 83 28 85 41 93 98 33 37 47 2 64 51 64 49 7 53 89 84 67 32 10 39 88 65 87 9 42 23 15 14 55 1 43 41 41 37 41 74 74 88 77 40 41 42 89 49 96 80
34 65 13 44 5 3 11 92 12 53 17 27 68 72 27 12 15 69 49 57 45 25 47 23 65 88 66 56 39 63 37 74 30 51 19
35 54 31 29 66 84 46 94 53 20 23 65 36 92 16 93 38 42 41 62 8 31 29 65 70 93 3 45 24 54 65 60 10 96 89 76
82 37 72 36 58 96 3 94 89 20 88 29 62 31 91 71 63 22 37 34 16 41 80 41 96 47 2 7 45 91 84 28 30 57 64 88 54 68 83 45 88 73 75 52 6 67 25 69 89 63 5 7 5 86 48 2 34 50 10 79 43 94 8 73 53 73 63 9 42 47 54 32 22 30 85 28 98 11 98 89 74 5 96
79 91 46 82 27 96 92 7 41 88 16 16 42 90 79 51 34 27 7 66 50 38 52 79 37 63 78 28 39 83 26 20 76 72 3 4 70 96 12 12 85 28 29 29 19 9 81 53 37 88 21 87 27 74 68 65 39 47 94 78 32 21 98 10 93 3 14 65 1 26 78 86 55 8 16 75 18 97 30 55
87 51 44 16 27 13 82 66 61 77 45 93 98 44 4 93 47 19 59 48 46 39 35 2 47 52 78 65 51 9 22 39 61 66 56 88 79 39 56 41 17 2 36 16 47 41 11 95 60 71 44 7 11 80 10 59 34 88 25 85 98 48 26 61 15 82 51 95 22 8 37 40 11 74 57 58 16 68 55 76 40 1 84 51 81 95 11 16
85 37 2 84 85 29 47 2 12 98 97 35 8 36 75 20 11 34 79 27 3 35 5 43 36 89 95 18 85 8 34 71 46 37 57 32 67 6 35 80 6 33 16 14 69 92 35 80 27 15 9 31 50 14 75 86 5 71 5 91 80 40 64 27 78 23 60 46 29 95 28 35 30 45 50 1 39 85 81 66 1 91 98 52 6 74
39 12 47 45 4 28 86 69 56 66 92 18 14 23 15 42 58 45 87 10 46 27 96 29 94 98 21 93 51 28 68 91 41 17 38 46 45 25 16 3
91 9 21 6 32 37 49 91 82 37 3 30 64 1 60 59 1 82 54 52 12 24 44 53 41 82 1 87 9 16 90 2 26 13 8 59 50 57 52 34 95 55 65 60 56 26 21 56 10 76 10 22 1 54 75 42 38 76 31 47 93 22 49 20 36 58 80 87 17 33 23 13 88 88 74 46 16 96 4 26 73 14 49 75 68 25 19 8 3 50 55 96
