12 3.00
1 5.00
1 2.00
2 1.00
3 2.00
3 2.00
3 3.00
5 4.00
7 2.00
7 3.00
8 3.00
9 2.00
7 1.00
1 1.00
1 1.00
2 1.00
2 1.00
3 1.00
3 1.00
1 10.01
421 19.72
1 39.92
2 9.88
2 38.41
2 27.70
3 31.44
3 25.67
7 45.81
6 35.86
2 30.35
1 12.14
2 40.21
2 20.05
2 5.44
14 10.91
8 41.96
10 14.80
11 26.21
9 48.64
6 38.57
11 38.50
9 44.58
7 17.62
19 45.95
2 47.47
14 4.30
5 33.16
25 17.44
2 1.00
14 3.15
8 48.53
28 42.55
9 26.99
13 38.01
18 33.39
19 1.96
16 46.59
35 36.05
11 36.93
25 17.70
28 8.30
19 44.00
35 16.52
10 44.67
16 34.33
44 29.43
31 42.93
21 46.20
20 40.74
34 45.55
25 10.79
49 46.01
8 44.05
34 21.60
34 14.05
44 15.37
26 11.31
11 13.81
33 20.83
11 45.34
7 6.30
31 38.02
62 46.75
44 19.16
48 18.43
20 11.61
39 12.22
11 36.61
9 39.67
12 37.25
6 47.51
4 26.08
13 12.00
59 36.63
49 48.37
48 37.99
8 6.75
41 3.91
6 10.23
37 40.98
46 37.78
5 7.89
82 10.22
74 6.27
84 2.70
74 3.62
1 46.15
52 9.02
15 19.58
82 40.98
33 27.62
53 22.63
64 4.98
50 37.86
29 49.61
55 43.88
72 31.45
4 37.39
82 46.27
87 41.55
98 37.19
92 49.18
69 24.86
17 41.50
93 3.85
69 12.40
67 11.46
75 15.84
36 11.57
9 31.65
25 32.56
57 48.57
32 27.31
82 5.66
54 29.63
109 22.55
40 42.38
51 0.16
41 29.92
100 11.69
82 24.15
59 15.25
87 9.13
77 2.04
52 34.80
85 31.88
44 9.23
78 31.36
94 16.42
96 10.11
120 34.24
86 12.86
71 4.38
35 43.87
92 4.69
16 18.08
79 29.66
92 14.44
108 14.42
46 9.49
138 0.18
117 16.57
27 21.82
138 45.95
111 34.95
18 34.29
57 38.71
139 45.81
128 10.18
119 27.40
45 45.25
138 43.70
76 28.81
25 13.70
134 24.62
72 42.45
78 14.55
29 34.21
115 6.95
96 24.62
135 36.21
29 11.10
81 6.06
23 18.02
54 46.59
150 31.10
139 40.91
83 16.75
67 32.94
103 12.95
26 3.63
19 32.36
63 14.41
58 4.56
75 46.72
103 13.27
116 38.09
87 7.86
158 31.28
93 10.39
101 21.31
151 19.72
45 16.30
134 31.93
182 16.91
167 6.80
77 0.27
147 38.72
56 5.73
164 36.05
10 22.46
189 35.40
41 23.69
167 4.70
20 19.14
59 32.86
159 6.59
11 2.67
91 39.04
138 22.13
24 29.48
117 26.49
121 18.10
62 44.44
98 8.49
125 26.29
128 29.81
49 41.49
15 4.94
194 8.48
102 11.27
175 14.54
76 43.91
74 40.75
142 1.82
56 38.91
136 41.81
67 11.05
44 30.62
25 33.73
173 35.97
45 20.06
71 21.70
52 19.29
120 7.74
125 0.73
86 19.11
70 36.87
60 32.48
127 45.98
158 40.49
162 15.60
150 0.30
125 42.20
145 32.13
122 20.04
86 35.94
191 33.89
37 1.64
16 34.29
46 30.95
169 28.39
1 0.29
75 13.08
160 42.88
45 17.07
165 43.95
162 15.66
220 9.31
40 25.17
208 33.78
227 9.56
100 35.30
220 27.37
188 46.62
60 46.33
142 46.67
128 27.63
243 39.98
211 29.72
171 49.76
245 16.23
230 29.46
168 37.97
205 39.75
70 30.22
126 8.35
213 43.25
234 33.22
111 30.60
162 32.28
146 7.42
158 1.65
192 25.91
229 25.75
31 24.49
141 2.42
226 19.23
178 22.61
41 20.65
70 20.34
5 35.88
162 40.65
165 22.34
136 49.76
17 3.71
184 29.86
64 10.99
182 46.18
214 23.14
128 42.53
278 47.45
263 38.35
98 26.84
65 23.88
281 23.31
262 48.36
55 22.90
233 38.32
271 12.88
229 48.18
100 20.12
170 27.72
189 9.55
146 18.01
200 45.83
65 30.33
266 5.49
116 9.95
200 29.63
210 29.82
19 28.04
176 12.13
6 17.19
3 46.18
190 38.53
281 46.66
55 22.40
156 39.76
204 48.28
50 14.64
284 18.30
290 37.38
154 13.65
307 6.12
282 31.16
235 46.23
61 14.11
55 10.15
206 8.81
42 11.38
314 0.69
54 6.00
154 32.43
306 5.04
206 3.53
133 24.82
148 14.66
83 45.62
192 9.54
12 21.59
278 37.67
122 49.90
13 26.18
70 33.09
242 16.38
308 32.34
119 2.51
267 40.17
244 34.10
317 15.65
265 14.90
285 9.45
209 2.67
36 7.86
87 6.81
210 2.90
318 47.28
21 46.26
169 12.85
212 8.44
212 23.82
296 46.30
192 29.11
266 11.26
97 31.68
197 0.83
342 17.38
76 26.13
148 15.36
252 32.26
165 13.45
262 16.64
81 37.96
97 34.18
7 42.26
321 30.04
122 33.40
200 42.40
95 12.81
28 25.72
340 30.57
203 41.07
368 36.84
133 18.00
17 1.19
2 24.36
114 35.41
319 25.37
182 3.91
75 24.18
362 2.17
34 12.24
280 30.56
37 48.08
343 8.30
189 37.86
309 0.35
231 36.82
297 46.13
39 39.38
380 5.07
111 11.97
327 4.75
302 13.86
71 46.89
309 4.83
400 42.26
140 34.62
187 21.72
269 16.20
247 6.50
34 18.90
57 32.99
48 44.03
242 10.54
279 26.44
131 47.16
322 6.10
17 25.75
168 10.58
300 8.01
1 21.69
1 32.49
1 23.10
1 39.01
4 34.23
6 43.36
1 2.36
5 8.86
9 5.48
4 29.81
8 35.02
7 20.33
11 28.88
13 11.09
12 18.71
7 4.87
14 19.37
14 46.71
17 41.57
15 31.76
11 31.23
12 28.94
16 1.47
19 29.99
4 7.20
6 38.87
23 36.77
6 33.34
10 5.28
27 5.11
15 13.52
7 14.39
22 47.35
8 25.35
28 46.82
6 14.73
21 32.23
34 11.64
27 31.47
34 40.65
32 1.42
25 30.88
33 38.72
13 3.84
40 8.64
9 17.99
21 18.94
32 5.03
16 43.47
31 5.21
42 37.49
21 18.34
21 13.61
33 3.41
50 21.61
50 33.74
27 23.58
17 11.22
15 28.84
19 6.30
46 24.01
31 9.62
55 6.67
19 9.23
1 45.04
20 40.43
44 34.38
12 2.24
67 38.75
8 43.06
15 49.71
39 33.40
35 41.43
67 35.60
31 9.67
64 7.74
52 16.19
28 26.63
37 32.02
58 23.00
44 0.29
23 9.58
58 22.20
20 32.65
19 17.47
45 21.32
30 2.52
9 40.47
79 49.33
47 14.21
17 17.96
41 42.69
64 39.31
37 7.02
41 5.17
58 48.38
11 43.45
16 40.13
32 19.78
46 26.62
76 48.50
98 4.43
3 2.65
94 44.98
5 20.96
20 10.99
84 31.14
8 23.07
45 23.00
67 41.78
63 10.11
90 33.63
9 48.13
55 19.23
42 46.54
107 5.16
106 43.78
23 46.07
111 4.48
99 48.42
62 0.24
23 14.36
78 13.09
93 1.82
91 17.53
110 14.26
71 33.76
123 31.20
83 21.64
2 49.80
48 46.27
14 13.23
107 14.55
25 36.49
52 0.35
95 44.48
2 44.32
25 31.96
21 46.27
95 43.50
39 27.39
23 41.43
32 5.65
66 43.04
80 23.06
126 45.48
57 47.81
26 9.38
37 18.01
138 31.39
56 30.77
79 18.94
77 34.70
3 32.50
97 34.68
82 44.77
38 33.77
115 23.22
126 8.83
53 16.70
103 9.10
40 1.23
23 20.88
35 19.26
129 6.48
3 7.25
125 26.53
88 12.35
38 27.09
153 42.21
41 20.86
128 23.84
17 23.17
164 44.04
113 13.32
38 13.90
80 22.91
54 29.33
157 25.74
175 32.69
117 49.25
146 19.48
95 16.12
118 37.01
160 26.69
109 4.98
178 16.19
109 2.17
149 25.89
176 21.36
150 6.94
136 11.63
116 0.39
159 23.65
102 39.55
25 8.36
153 46.28
111 14.57
50 9.68
7 5.61
147 30.79
43 33.91
191 39.41
148 36.34
63 32.28
32 4.51
163 42.97
68 19.08
182 7.09
180 19.50
197 49.07
119 35.43
194 5.71
1 7.75
67 1.58
58 1.75
141 23.94
156 29.36
59 21.74
70 28.66
18 23.41
148 43.24
74 49.30
56 9.75
29 5.06
133 3.02
19 7.11
176 49.48
59 38.46
34 28.21
185 20.58
140 22.42
208 15.62
9 7.88
176 17.48
173 41.38
194 19.70
165 7.27
91 46.95
82 25.38
10 46.27
138 6.13
17 16.86
28 16.20
27 12.83
219 45.35
166 24.38
89 27.93
200 19.54
180 27.37
186 22.34
95 27.91
213 3.37
179 11.03
2 2.19
187 2.33
250 14.82
44 1.84
165 14.07
94 36.99
141 12.46
170 10.31
194 0.11
202 26.85
105 24.06
23 6.68
248 22.97
186 38.44
142 19.77
268 26.66
120 35.89
158 20.42
4 37.45
122 32.38
9 40.31
107 28.42
16 1.72
216 39.62
11 26.98
93 21.48
6 20.69
159 47.44
248 12.75
204 20.00
186 35.35
267 4.47
122 25.65
144 21.95
76 47.15
26 14.61
219 23.70
252 40.23
149 31.76
176 27.24
52 46.31
289 9.78
101 26.88
43 10.66
237 43.09
307 22.14
1 27.31
2 49.68
1 1.50
2 16.05
5 25.95
4 36.12
7 23.69
5 25.07
1 6.20
1 14.20
1 1.04
6 19.51
8 31.19
9 17.55
8 10.82
13 2.71
13 16.30
1 41.09
7 24.01
3 16.47
21 37.81
2 49.62
6 28.94
12 16.95
18 27.01
17 37.65
16 5.12
5 5.98
22 37.33
15 10.58
30 13.23
9 36.29
20 15.68
19 47.34
28 34.53
10 39.65
17 16.39
30 33.83
36 13.96
1 30.46
34 31.93
16 19.02
32 25.27
23 23.36
12 48.53
32 10.75
12 47.23
46 41.29
13 24.42
39 2.60
10 2.44
44 31.28
20 31.52
17 14.16
51 15.90
50 36.45
55 12.72
7 34.89
45 30.47
10 0.59
36 42.19
15 40.76
50 8.38
42 2.34
43 20.69
7 41.75
32 47.19
32 41.97
40 38.14
9 24.19
6 0.74
16 1.87
20 16.10
55 1.45
70 45.01
4 25.57
58 13.38
26 26.63
35 48.39
47 4.57
31 33.92
76 42.22
52 19.35
58 9.82
13 40.32
59 11.53
72 44.64
24 4.52
20 0.16
11 7.31
83 8.01
61 32.37
40 49.21
17 43.15
91 37.98
92 16.69
43 44.03
18 3.01
27 43.11
26 20.87
68 46.84
67 24.48
86 45.81
61 2.22
97 34.97
21 41.14
92 42.40
51 14.36
91 32.52
17 39.21
46 5.22
14 42.40
112 14.82
104 12.63
19 8.23
78 41.35
12 15.91
38 46.55
28 44.83
118 7.70
73 8.29
120 22.77
2 22.36
93 42.31
13 44.64
80 25.38
127 37.43
46 49.10
6 13.18
31 10.18
57 45.23
5 26.49
30 17.36
62 22.86
33 21.81
84 41.99
83 29.39
41 30.80
5 1.90
65 6.63
132 4.62
91 46.39
121 49.78
131 44.30
38 7.21
14 34.38
8 6.01
33 13.57
70 33.90
110 35.57
18 16.99
84 35.81
142 42.33
52 48.13
138 39.71
15 40.76
140 36.77
118 36.39
117 32.63
99 49.51
129 35.17
110 42.28
135 44.75
20 14.56
95 42.28
1 34.36
31 27.70
68 5.65
68 36.79
13 14.25
91 8.54
18 20.84
157 42.16
26 31.85
87 37.91
111 14.63
82 15.25
25 14.27
36 12.75
104 38.65
19 28.96
84 14.30
25 43.19
74 26.68
111 23.73
153 6.48
121 45.95
103 27.58
145 34.54
36 12.90
86 40.80
106 45.54
24 34.43
39 16.04
185 38.63
19 2.22
70 27.70
66 24.25
84 36.47
4 0.88
42 41.86
30 42.48
154 34.67
82 25.92
79 29.50
160 41.65
85 16.34
155 26.34
4 46.99
178 47.95
151 47.07
1 3.22
106 16.69
118 45.67
14 28.39
202 13.38
88 3.90
26 8.07
169 25.93
150 7.76
25 22.81
220 25.73
175 36.61
10 39.92
152 44.44
172 19.23
189 38.05
103 16.28
22 49.91
55 7.92
131 8.49
99 48.55
58 27.16
31 0.95
15 40.61
42 8.52
64 8.13
164 2.57
214 36.31
204 28.34
149 30.37
231 22.25
90 20.01
189 23.17
98 0.47
153 48.21
45 2.38
232 21.35
148 3.38
112 32.63
221 31.00
208 7.41
199 25.39
51 33.87
60 2.47
63 42.45
169 9.77
76 1.27
155 3.23
128 49.69
20 5.52
252 12.66
42 44.67
180 37.44
255 6.30
107 42.04
200 11.21
266 26.44
197 9.44
56 48.29
65 22.51
222 44.76
177 5.44
253 12.05
48 20.46
65 12.37
144 9.64
140 33.88
25 9.04
120 2.35
87 41.39
251 2.65
15 43.85
166 39.19
19 39.39
215 15.20
69 28.22
58 44.16
195 5.98
37 42.33
154 17.95
28 2.43
162 29.74
214 31.89
229 7.63
203 4.13
292 28.64
41 1.61
135 35.86
245 25.79
152 28.28
248 37.14
40 0.95
191 40.17
43 37.52
199 33.38
300 37.21
1 33.05
1 22.11
1 5.73
3 49.17
1 28.76
4 16.64
5 0.31
1 21.17
5 27.74
10 17.08
4 5.96
5 46.19
12 24.96
10 28.64
3 39.17
6 44.15
8 32.79
6 37.15
15 46.00
15 48.38
11 14.14
7 5.13
7 17.51
13 40.54
23 25.76
4 10.14
18 25.65
4 27.85
1 40.04
4 8.96
19 22.33
2 1.43
4 19.36
27 43.64
11 24.91
31 40.13
29 7.03
35 3.50
20 21.57
36 19.80
39 1.66
26 29.04
24 36.27
7 27.92
24 13.38
34 5.51
34 39.98
7 40.83
10 45.51
35 24.72
21 26.50
16 9.47
36 10.12
15 8.07
35 7.00
32 29.01
10 7.81
10 35.97
53 14.95
17 20.38
35 0.77
33 14.04
52 32.83
7 0.11
37 39.35
33 48.76
22 39.67
12 49.38
69 21.20
11 31.47
41 35.33
16 36.86
63 18.54
34 37.22
51 36.73
12 11.82
58 33.50
41 28.26
26 30.74
46 44.66
33 3.19
72 35.94
72 1.65
60 42.64
39 42.77
42 1.05
49 34.60
67 21.24
6 10.75
16 36.64
87 16.06
90 34.98
93 24.33
25 15.88
10 41.60
21 25.17
87 3.96
22 37.65
12 46.43
61 28.47
80 4.41
61 17.30
81 17.44
81 42.16
60 46.99
62 25.67
28 27.27
24 12.60
4 23.89
63 6.68
35 39.02
72 10.29
98 42.96
110 48.60
91 28.23
63 28.59
77 6.60
109 21.66
58 34.42
34 2.24
77 42.62
69 44.46
49 38.57
18 21.49
32 35.54
71 27.96
63 10.01
98 17.55
8 36.19
42 42.35
38 43.22
56 47.06
133 16.83
51 23.87
4 32.54
72 32.65
69 4.02
75 45.04
119 34.17
47 5.05
56 44.70
94 44.27
14 21.27
35 7.67
22 27.97
1 21.88
63 20.96
57 21.01
113 37.67
135 39.03
62 20.98
66 45.36
77 48.80
125 17.59
103 6.94
71 2.68
6 5.66
149 6.34
86 8.77
45 34.39
119 14.03
21 7.93
115 25.22
95 22.77
43 23.82
40 33.10
150 33.49
96 19.80
110 18.87
128 15.25
89 10.04
62 27.45
55 14.89
118 42.63
83 47.80
96 10.41
42 33.29
66 46.82
31 47.28
71 21.40
77 31.39
17 15.90
55 32.96
132 47.17
7 23.10
47 27.63
124 30.36
20 48.85
172 38.87
158 18.92
141 18.50
113 48.49
7 47.66
176 10.30
176 14.90
125 16.04
183 36.20
127 11.17
77 17.65
34 20.98
164 20.76
197 23.89
5 3.69
93 46.36
175 14.22
63 29.23
136 44.60
116 34.50
177 23.03
189 37.21
161 26.50
14 34.22
55 35.20
195 31.85
13 3.73
13 43.59
107 1.43
77 25.60
23 40.23
97 47.68
20 37.24
120 37.16
143 4.63
98 24.11
125 16.46
52 15.58
196 14.57
228 5.66
228 45.18
173 2.61
226 40.33
215 23.39
195 13.69
230 46.89
19 20.95
211 8.36
39 21.49
217 40.02
125 17.17
68 3.77
163 25.44
94 26.61
195 19.15
158 39.78
71 19.78
209 13.24
50 38.59
182 1.88
12 35.62
244 6.18
33 43.35
74 14.75
76 10.05
25 40.95
139 18.89
229 10.87
228 14.07
194 34.35
173 19.74
126 47.54
207 16.51
57 49.64
27 47.41
9 7.37
176 0.30
73 39.59
234 28.10
24 8.48
206 9.10
267 15.38
152 44.15
143 22.33
45 13.72
37 41.44
185 30.81
216 22.98
263 49.76
126 2.42
264 24.14
55 30.20
138 23.34
112 18.08
9 24.12
151 39.59
190 25.99
29 11.22
116 31.21
194 28.36
260 40.23
115 28.38
123 8.78
8 18.36
51 23.98
123 5.72
284 30.56
213 22.56
24 5.70
243 5.34
179 17.21
45 13.05
1 49.89
1 13.34
2 7.81
4 26.02
5 11.51
1 19.08
3 5.77
6 28.83
6 8.22
7 27.88
9 20.46
1 42.69
7 41.09
14 5.99
3 42.96
7 1.50
15 43.30
6 23.96
1 6.55
20 49.15
8 4.39
9 38.34
5 5.68
9 39.91
7 1.72
10 2.68
12 18.24
26 48.34
6 43.40
3 17.63
23 23.36
13 29.22
11 33.96
3 17.77
29 3.16
13 8.57
6 35.16
36 17.71
32 14.09
7 4.73
13 25.42
7 37.98
38 2.77
32 2.99
47 40.66
1 32.53
1 39.74
1 30.68
2 14.93
5 14.22
3 15.37
4 25.65
1 19.70
8 41.36
7 0.98
11 49.59
7 3.49
10 20.07
2 23.90
7 2.43
5 43.67
12 28.58
13 46.72
4 7.11
5 7.72
9 29.74
11 44.11
3 23.63
7 48.74
8 47.59
26 11.08
26 26.13
9 34.75
27 20.84
6 19.25
15 23.21
9 8.23
2 46.33
4 11.06
3 16.60
14 24.77
35 41.87
15 1.72
13 32.69
1 30.49
25 0.19
35 27.46
23 6.14
11 22.52
25 20.87
39 0.25
45 4.69
1 45.87
1 13.43
1 4.46
3 25.71
3 26.36
3 48.11
4 33.08
5 28.55
3 11.08
6 5.13
9 5.07
3 0.75
8 38.25
7 19.35
12 15.69
8 46.97
4 25.06
4 18.49
12 40.42
18 8.74
8 11.77
4 44.87
21 37.64
12 8.41
25 2.17
8 37.26
4 24.81
22 34.83
8 9.63
3 1.55
16 28.22
32 36.89
3 8.92
4 32.80
35 49.57
30 16.13
9 48.39
9 6.19
29 34.43
12 34.75
31 28.14
19 43.84
3 10.02
26 16.01
20 32.84
1 44.97
1 16.08
2 14.34
2 37.23
5 24.34
5 38.68
6 48.15
6 1.48
1 23.09
8 18.94
2 22.50
12 29.85
5 0.04
12 45.00
5 9.52
9 33.60
2 38.91
18 36.35
2 24.68
24 0.39
1 10.38
2 39.49
1 26.12
4 12.87
5 26.88
4 7.05
7 28.90
6 15.72
6 26.77
3 44.98
8 38.57
7 40.77
8 28.26
8 30.72
1 0.69
10 1.96
4 20.17
15 19.61
18 32.42
13 45.51
4 14.29
2 8.68
20 39.46
25 22.13
1 35.12
1 2.51
2 45.70
4 1.17
3 20.40
4 26.90
3 13.00
5 32.17
6 20.31
1 29.47
1 34.26
6 12.03
13 27.53
6 41.75
6 45.11
5 33.23
11 31.00
13 3.92
11 29.02
3 0.67
21 36.98
13 20.51
23 6.43
2 33.15
27 4.46
1 29.48
2 37.60
3 37.27
2 12.22
3 32.13
1 42.90
3 37.56
4 1.09
8 0.60
7 46.58
1 29.53
9 28.84
1 33.54
10 2.72
6 12.01
3 29.31
15 45.90
7 33.00
13 32.04
19 12.19
6 2.55
3 29.52
19 28.98
15 31.60
15 10.72
15 30.85
41 11.73
1 40.29
2 44.95
3 11.97
1 0.19
5 48.45
6 8.19
5 29.26
7 26.66
8 4.40
6 46.54
8 19.32
7 14.52
1 5.10
8 29.10
11 15.49
14 45.63
2 36.10
15 48.79
19 47.55
20 39.35
20 45.08
21 27.44
12 37.77
2 15.79
22 33.30
7 26.08
2 37.84
23 3.54
25 15.84
20 28.89
20 23.47
16 37.11
7 15.11
25 7.65
9 34.88
34 8.65
23 44.54
28 4.29
26 40.18
17 24.47
24 32.40
1 26.10
1 41.15
2 13.19
1 12.28
5 38.32
5 16.61
4 45.33
6 11.32
1 44.39
10 49.97
1 26.16
11 39.13
8 26.81
9 0.53
1 2.80
11 1.83
10 3.18
16 8.55
7 49.98
9 8.45
17 6.58
12 13.72
1 6.79
26 4.89
1 21.25
1 4.21
3 49.36
4 27.86
3 22.66
4 27.46
4 11.33
5 4.36
3 22.28
3 30.87
5 33.74
10 10.55
11 14.38
7 42.23
7 49.31
16 22.33
7 1.98
10 17.97
1 19.89
19 27.51
18 24.23
3 18.02
17 34.27
11 0.07
4 35.29
31 28.79
1 20.25
2 9.35
3 13.61
1 5.79
2 48.70
4 33.48
1 4.67
1 2.02
5 47.29
6 17.12
5 34.50
9 7.08
5 7.51
3 25.31
13 38.08
2 11.83
3 43.45
8 42.96
3 22.76
20 19.97
10 26.87
2 22.14
15 4.90
12 6.10
2 3.69
13 23.71
21 8.35
18 6.96
10 37.94
20 8.66
27 36.38
1 34.36
2 41.66
2 36.88
2 26.07
1 35.88
1 10.30
2 34.48
3 32.17
8 17.39
8 13.80
10 24.04
6 21.90
9 38.01
3 13.28
14 35.86
16 17.15
7 29.48
4 47.54
7 23.23
10 23.21
4 26.54
15 17.11
6 48.71
24 1.60
9 35.13
9 7.21
10 37.55
1 40.18
2 38.94
1 22.22
2 3.11
4 45.01
4 48.18
6 48.95
4 16.16
4 30.50
43 5.67
1 3.72
1 46.90
1 20.48
3 20.72
3 41.20
1 6.79
5 33.82
8 34.84
2 20.53
8 45.41
4 20.54
11 8.10
6 14.98
7 41.65
14 16.95
16 43.10
8 1.70
15 26.00
9 22.02
19 49.87
6 4.99
3 44.61
18 2.40
15 44.85
12 17.39
21 38.48
21 33.84
27 7.43
29 20.83
30 44.31
24 46.40
24 8.46
32 27.40
24 20.29
35 31.18
15 12.65
27 26.83
6 24.99
23 36.70
16 2.16
4 10.09
35 42.02
44 37.22
1 42.75
1 48.53
3 45.83
4 24.46
1 43.04
1 38.75
2 1.29
4 33.49
3 6.11
3 21.20
7 39.55
2 0.94
11 11.99
4 32.35
2 4.97
7 3.46
17 27.62
1 34.78
9 46.92
4 27.74
17 11.11
8 3.30
6 36.43
18 26.34
22 47.11
25 23.64
20 5.44
14 28.37
11 35.61
7 21.44
26 30.29
16 38.30
6 26.88
16 31.36
17 32.31
7 13.77
33 25.60
13 5.83
10 3.85
26 4.57
1 29.71
24 37.62
31 2.79
16 2.58
1 26.71
1 28.98
1 48.91
2 14.91
3 40.35
6 49.59
4 5.38
3 16.09
6 30.43
5 43.01
8 4.08
12 35.24
9 25.79
7 18.95
9 38.85
22 16.98
1 45.55
2 22.56
3 13.23
3 20.25
1 33.75
3 26.24
6 33.21
7 20.11
3 14.24
3 47.91
5 10.70
8 2.12
10 6.01
6 15.07
14 42.61
11 10.41
13 28.01
12 32.62
16 20.44
2 44.82
2 22.72
22 43.32
1 13.40
1 19.57
2 26.54
2 45.97
4 0.64
6 23.73
1 19.16
7 1.51
3 20.85
3 49.93
11 44.89
8 40.10
4 35.42
10 19.53
3 6.00
5 14.08
7 26.27
13 47.04
2 1.15
18 40.05
1 41.11
14 8.44
1 2.59
1 22.04
2 21.87
2 22.30
2 4.51
2 32.10
6 47.33
1 48.08
1 14.48
3 22.73
9 45.82
5 43.56
13 12.79
34 48.75
1 47.39
1 14.17
3 17.14
3 23.42
4 8.18
6 5.77
2 8.13
7 2.62
1 39.51
1 8.80
1 12.87
8 44.73
3 1.31
11 5.65
5 21.89
2 18.00
7 11.59
12 19.27
11 18.38
18 17.74
12 38.42
11 39.25
22 11.39
21 2.02
1 42.58
6 4.87
3 42.35
28 14.13
26 37.88
12 7.76
7 24.18
17 29.06
24 7.93
49 14.50
1 41.02
2 2.86
2 5.75
4 25.99
2 33.98
4 18.03
4 38.83
4 32.00
6 22.50
10 24.84
3 15.90
8 20.16
11 8.36
14 25.85
5 47.55
13 42.60
14 22.59
17 18.01
11 37.58
18 45.48
10 22.01
6 48.12
5 36.41
15 42.02
5 26.24
9 19.30
23 49.46
23 32.22
5 38.68
5 24.12
23 48.43
11 24.80
14 12.19
30 49.37
35 36.81
33 21.32
7 8.36
15 19.66
35 49.56
10 3.69
22 28.54
20 17.94
25 12.45
1 35.83
2 8.24
10 37.36
7 26.67
12 27.69
0 0
